[version]
appversion=1.1.0.14460
srcversion=1.1.0.14550